     0/199     2.26G    0.1145   0.03889         0    0.1534        50      1280    0.2381    0.2154    0.1435   0.03927    0.1019   0.02571         0
     1/199     2.46G    0.1006   0.03883         0    0.1395        69      1280    0.5299    0.3478     0.376    0.1375   0.09213   0.02443         0
     2/199     2.46G   0.09525   0.03796         0    0.1332        42      1280    0.6357    0.4184     0.476    0.1995   0.08732   0.02385         0
     3/199     3.92G   0.09198   0.03729         0    0.1293        75      1280    0.6759    0.4615    0.5297     0.243   0.08447    0.0233         0
     4/199     3.92G   0.09011   0.03677         0    0.1269        68      1280    0.6834    0.4861    0.5567    0.2698   0.08274   0.02297         0
     5/199     3.92G     0.089   0.03662         0    0.1256        71      1280    0.7046    0.4996    0.5753    0.2853   0.08169   0.02283         0
     6/199     3.92G   0.08813    0.0364         0    0.1245        39      1280    0.7082    0.5125    0.5864    0.2966   0.08106   0.02272         0
     7/199     3.92G    0.0875   0.03624         0    0.1237        33      1280    0.7289    0.5079    0.5916    0.3032   0.08068   0.02265         0
     8/199     3.92G   0.08692   0.03606         0     0.123        48      1280    0.7222    0.5154    0.5956    0.3078    0.0804   0.02261         0
     9/199     3.92G   0.08664   0.03601         0    0.1227        64      1280    0.7443    0.5072    0.5982    0.3113   0.08019   0.02256         0
    10/199     3.92G   0.08644   0.03598         0    0.1224        60      1280    0.7128     0.527    0.6005    0.3138   0.07999   0.02252         0
    11/199     3.92G   0.08602   0.03595         0     0.122        70      1280    0.7086     0.532     0.602    0.3163   0.07981    0.0225         0
    12/199     3.92G   0.08586   0.03581         0    0.1217        50      1280    0.7288    0.5226    0.6036     0.319   0.07963   0.02247         0
    13/199     3.92G   0.08577   0.03583         0    0.1216        84      1280    0.7394    0.5218    0.6069    0.3211   0.07945   0.02243         0
    14/199     3.92G   0.08561   0.03566         0    0.1213        41      1280    0.7407    0.5227    0.6084    0.3235   0.07927    0.0224         0
    15/199     3.92G   0.08547   0.03555         0     0.121        46      1280    0.7012    0.5444      0.61    0.3264   0.07908   0.02237         0
    16/199     3.92G   0.08543   0.03538         0    0.1208        46      1280     0.719     0.537     0.613    0.3288   0.07892   0.02232         0
    17/199     3.92G   0.08525    0.0356         0    0.1209        42      1280    0.7027    0.5482    0.6151    0.3311   0.07876   0.02228         0
    18/199     3.92G   0.08512   0.03555         0    0.1207        59      1280    0.7167    0.5432    0.6174     0.334    0.0786   0.02225         0
    19/199     3.92G    0.0851   0.03564         0    0.1207        82      1280    0.7246    0.5415    0.6198    0.3369   0.07846   0.02222         0
    20/199     3.92G    0.0849    0.0355         0    0.1204        73      1280    0.7198    0.5452    0.6214    0.3392   0.07832   0.02217         0
    21/199     3.92G   0.08497   0.03558         0    0.1206        62      1280    0.7216    0.5476    0.6251    0.3416    0.0782   0.02213         0
    22/199     3.92G   0.08478   0.03548         0    0.1203       108      1280    0.7243     0.548    0.6262    0.3434   0.07806    0.0221         0
    23/199     3.92G   0.08472    0.0356         0    0.1203        45      1280    0.7329    0.5462     0.629    0.3458   0.07794   0.02206         0
    24/199     3.92G   0.08459   0.03539         0      0.12        44      1280    0.7473    0.5409    0.6306     0.348   0.07784   0.02202         0
    25/199     3.92G   0.08467    0.0352         0    0.1199        51      1280    0.7041    0.5686    0.6332    0.3493   0.07774   0.02199         0
    26/199     3.92G   0.08451   0.03523         0    0.1197        66      1280    0.7495     0.546    0.6356    0.3508   0.07765   0.02196         0
    27/199     3.92G   0.08456   0.03531         0    0.1199        74      1280    0.7331     0.557    0.6377    0.3528   0.07755   0.02194         0
    28/199     3.92G   0.08447     0.035         0    0.1195        71      1280    0.7301    0.5631    0.6386    0.3544   0.07746    0.0219         0
    29/199     3.92G   0.08441   0.03534         0    0.1197        54      1280    0.7373    0.5599    0.6397    0.3555   0.07737   0.02189         0
    30/199     3.92G   0.08426   0.03522         0    0.1195        85      1280    0.7394    0.5603    0.6408     0.357   0.07729   0.02187         0
    31/199     3.92G   0.08429    0.0352         0    0.1195        63      1280    0.7438    0.5583     0.643    0.3583   0.07723   0.02185         0
    32/199     3.92G    0.0844   0.03516         0    0.1196        48      1280    0.7468    0.5579    0.6437    0.3594   0.07716   0.02184         0
    33/199     3.92G   0.08419   0.03526         0    0.1195        43      1280    0.7433    0.5613    0.6449    0.3605    0.0771   0.02182         0
    34/199     3.92G   0.08401   0.03511         0    0.1191        70      1280     0.735    0.5677    0.6463    0.3616   0.07704   0.02181         0
    35/199     3.92G   0.08412   0.03515         0    0.1193        96      1280    0.7396    0.5658    0.6467    0.3627   0.07698   0.02178         0
    36/199     3.92G   0.08403   0.03518         0    0.1192        62      1280    0.7366    0.5684    0.6482    0.3638   0.07692   0.02177         0
    37/199     3.92G   0.08399   0.03532         0    0.1193        67      1280    0.7444    0.5651     0.648    0.3649   0.07688   0.02175         0
    38/199     3.92G    0.0841   0.03532         0    0.1194        60      1280    0.7456    0.5671    0.6503    0.3656   0.07683   0.02174         0
    39/199     3.92G   0.08403   0.03544         0    0.1195        61      1280    0.7297    0.5763    0.6508    0.3664   0.07677   0.02173         0
    40/199     3.92G   0.08396   0.03497         0    0.1189        88      1280    0.7495    0.5676    0.6518    0.3671   0.07672   0.02171         0
    41/199     3.92G   0.08409   0.03516         0    0.1193        57      1280    0.7676     0.558    0.6522    0.3682   0.07667    0.0217         0
    42/199     3.92G    0.0837     0.035         0    0.1187        43      1280    0.7645    0.5599    0.6533    0.3691   0.07662   0.02168         0
    43/199     3.92G   0.08362   0.03512         0    0.1187        45      1280     0.756    0.5652     0.654    0.3706   0.07657   0.02167         0
    44/199     3.92G   0.08386   0.03495         0    0.1188        50      1280    0.7764     0.556    0.6553    0.3713   0.07652   0.02165         0
    45/199     3.92G    0.0838   0.03517         0     0.119        90      1280    0.7452    0.5747    0.6567    0.3716   0.07648   0.02165         0
    46/199     3.92G   0.08362   0.03518         0    0.1188        45      1280    0.7562    0.5692    0.6569    0.3721   0.07644   0.02166         0
    47/199     3.92G   0.08361   0.03478         0    0.1184        37      1280    0.7594    0.5685    0.6574    0.3722    0.0764   0.02164         0
    48/199     3.92G   0.08388   0.03522         0    0.1191        62      1280    0.7641    0.5666    0.6586    0.3734   0.07636   0.02164         0
    49/199     3.92G   0.08357   0.03503         0    0.1186        49      1280    0.7819    0.5569    0.6585    0.3735   0.07632   0.02163         0
    50/199     3.92G   0.08375   0.03515         0    0.1189        95      1280    0.7724    0.5632    0.6591    0.3744    0.0763   0.02162         0
    51/199     3.92G   0.08359   0.03508         0    0.1187        57      1280    0.7713    0.5631    0.6601    0.3749   0.07628   0.02161         0
    52/199     3.92G    0.0836   0.03506         0    0.1187        49      1280    0.7691    0.5645    0.6602    0.3753   0.07625    0.0216         0
    53/199     3.92G    0.0836   0.03491         0    0.1185        52      1280    0.7744     0.563    0.6613    0.3759   0.07622    0.0216         0
    54/199     3.92G   0.08353    0.0349         0    0.1184        45      1280    0.7747    0.5629    0.6603    0.3765   0.07619   0.02159         0
    55/199     3.92G   0.08335    0.0349         0    0.1183        86      1280    0.7801    0.5605    0.6609    0.3768   0.07618   0.02158         0
    56/199     3.92G   0.08341   0.03505         0    0.1185        50      1280    0.7636    0.5709    0.6612    0.3769   0.07614   0.02157         0
    57/199     3.92G   0.08345   0.03502         0    0.1185        36      1280    0.7637    0.5738    0.6617    0.3776   0.07612   0.02156         0
    58/199     3.92G   0.08349   0.03495         0    0.1184        97      1280    0.7682    0.5712    0.6621    0.3776    0.0761   0.02156         0
    59/199     3.92G   0.08319   0.03488         0    0.1181        69      1280    0.7653    0.5729    0.6622    0.3779   0.07608   0.02155         0
    60/199     3.92G   0.08336   0.03502         0    0.1184        70      1280    0.7652    0.5715    0.6621    0.3786   0.07606   0.02154         0
    61/199     3.92G   0.08321   0.03484         0     0.118       103      1280    0.7712    0.5672    0.6625     0.379   0.07605   0.02153         0
    62/199     3.92G   0.08322   0.03496         0    0.1182        80      1280    0.7743     0.567    0.6635    0.3795   0.07603   0.02152         0
    63/199     3.92G   0.08317   0.03475         0    0.1179        63      1280    0.7854    0.5613    0.6635    0.3794   0.07601   0.02151         0
    64/199     3.92G    0.0833   0.03486         0    0.1182        61      1280     0.777     0.566    0.6635    0.3799   0.07598   0.02151         0
    65/199     3.92G   0.08319   0.03488         0    0.1181        73      1280    0.7587    0.5769    0.6651    0.3802   0.07599    0.0215         0
    66/199     3.92G   0.08309   0.03482         0    0.1179        75      1280    0.7537    0.5794    0.6649    0.3809   0.07597    0.0215         0
    67/199     3.92G   0.08323   0.03494         0    0.1182        52      1280    0.7537    0.5814    0.6661     0.382   0.07595   0.02149         0
    68/199     3.92G   0.08309   0.03481         0    0.1179        64      1280    0.7604    0.5765    0.6654    0.3827   0.07593   0.02149         0
    69/199     3.92G   0.08301   0.03482         0    0.1178        57      1280    0.7681    0.5737    0.6658    0.3831    0.0759   0.02149         0
    70/199     3.92G   0.08304   0.03469         0    0.1177        68      1280    0.7659    0.5749    0.6667     0.383   0.07586   0.02148         0
    71/199     3.92G   0.08292   0.03473         0    0.1177        36      1280      0.77    0.5722    0.6671    0.3837   0.07584   0.02149         0
    72/199     3.92G   0.08308    0.0349         0     0.118        39      1280    0.7518    0.5817     0.667    0.3845   0.07583   0.02149         0
    73/199     3.92G   0.08296   0.03485         0    0.1178        68      1280    0.7522    0.5821     0.668     0.385   0.07581   0.02148         0
    74/199     3.92G   0.08293   0.03488         0    0.1178        59      1280    0.7607    0.5784    0.6683    0.3851   0.07579   0.02148         0
    75/199     3.92G   0.08301   0.03487         0    0.1179        64      1280    0.7476    0.5857    0.6686    0.3849   0.07577   0.02148         0
    76/199     3.92G   0.08283    0.0348         0    0.1176        56      1280    0.7757    0.5701    0.6692    0.3857   0.07574   0.02148         0
    77/199     3.92G   0.08307   0.03488         0     0.118        60      1280    0.7549     0.583    0.6695     0.386   0.07571   0.02148         0
    78/199     3.92G   0.08288   0.03504         0    0.1179        57      1280    0.7745    0.5724    0.6704    0.3869   0.07569   0.02148         0
    79/199     3.92G   0.08287    0.0349         0    0.1178        58      1280    0.7768    0.5719    0.6706    0.3871   0.07566   0.02147         0
    80/199     3.92G   0.08264   0.03455         0    0.1172        54      1280    0.7837    0.5696    0.6712    0.3873   0.07566   0.02147         0
    81/199     3.92G   0.08285   0.03468         0    0.1175        42      1280     0.787    0.5698    0.6719    0.3882   0.07563   0.02147         0
    82/199     3.92G   0.08257   0.03472         0    0.1173        74      1280    0.7812    0.5724    0.6714    0.3883    0.0756   0.02147         0
    83/199     3.92G   0.08264   0.03473         0    0.1174        56      1280    0.7826    0.5714    0.6708     0.389   0.07558   0.02146         0
    84/199     3.92G   0.08288    0.0348         0    0.1177        43      1280    0.7864    0.5685    0.6718    0.3893   0.07556   0.02146         0
    85/199     3.92G   0.08256   0.03456         0    0.1171        74      1280    0.7808    0.5704    0.6708    0.3897   0.07554   0.02144         0
    86/199     3.92G   0.08262   0.03462         0    0.1172        52      1280    0.7589    0.5841    0.6716    0.3894   0.07551   0.02144         0
    87/199     3.92G   0.08253   0.03464         0    0.1172        57      1280    0.7771    0.5731     0.672    0.3897   0.07548   0.02143         0
    88/199     3.92G    0.0825   0.03475         0    0.1172        27      1280    0.7797    0.5736    0.6735    0.3908   0.07547   0.02144         0
    89/199     3.92G   0.08254   0.03462         0    0.1172        58      1280    0.7835    0.5726    0.6752    0.3915   0.07545   0.02142         0
    90/199     3.92G   0.08252   0.03452         0     0.117        36      1280    0.7646    0.5837    0.6745    0.3917   0.07544   0.02142         0
    91/199     3.92G    0.0825   0.03456         0    0.1171        51      1280      0.77    0.5795    0.6741    0.3918   0.07541   0.02143         0
    92/199     3.92G   0.08243    0.0346         0     0.117        80      1280    0.7848    0.5708    0.6738    0.3927   0.07538   0.02143         0
    93/199     3.92G    0.0825   0.03475         0    0.1172        68      1280     0.781    0.5739    0.6741    0.3928   0.07535   0.02141         0
    94/199     3.92G   0.08236   0.03464         0     0.117        63      1280    0.7753    0.5765    0.6748    0.3931   0.07535   0.02141         0
    95/199     3.92G   0.08229   0.03454         0    0.1168        51      1280    0.7782     0.576    0.6753    0.3937   0.07533    0.0214         0
    96/199     3.92G   0.08235    0.0346         0     0.117        51      1280    0.7752    0.5765    0.6738    0.3933   0.07531    0.0214         0
    97/199     3.92G   0.08218    0.0345         0    0.1167        43      1280    0.7791    0.5757    0.6752     0.394    0.0753    0.0214         0
    98/199     3.92G   0.08232   0.03473         0     0.117        63      1280    0.7882    0.5701    0.6749    0.3941    0.0753   0.02138         0
    99/199     3.92G   0.08224   0.03451         0    0.1168        60      1280    0.7611    0.5888    0.6759    0.3938    0.0753   0.02137         0
   100/199     3.92G    0.0822   0.03451         0    0.1167        39      1280    0.7715    0.5809    0.6753    0.3938   0.07532   0.02137         0
   101/199     3.92G    0.0823   0.03456         0    0.1169        78      1280    0.7817    0.5757    0.6752    0.3942   0.07532   0.02136         0
   102/199     3.92G   0.08236   0.03452         0    0.1169        68      1280    0.7773    0.5785     0.675    0.3939    0.0753   0.02136         0
   103/199     3.92G   0.08214   0.03441         0    0.1165        49      1280      0.77     0.585    0.6766    0.3944   0.07528   0.02136         0
   104/199     3.92G   0.08211   0.03455         0    0.1167        29      1280    0.7905    0.5707    0.6757    0.3943   0.07526   0.02135         0
   105/199     3.92G    0.0822   0.03446         0    0.1167        40      1280    0.7846    0.5738    0.6758    0.3943   0.07524   0.02136         0
   106/199     3.92G   0.08214   0.03435         0    0.1165        82      1280    0.7945    0.5705    0.6769    0.3944   0.07522   0.02135         0
   107/199     3.92G   0.08196   0.03451         0    0.1165        42      1280    0.7869    0.5745     0.678    0.3948   0.07518   0.02135         0
   108/199     3.92G    0.0823   0.03453         0    0.1168        67      1280    0.7883    0.5725    0.6785    0.3952   0.07516   0.02135         0
   109/199     3.92G    0.0819   0.03437         0    0.1163        47      1280    0.7871    0.5728    0.6779    0.3958   0.07514   0.02135         0
   110/199     3.92G    0.0821   0.03436         0    0.1165        71      1280     0.793    0.5704     0.678    0.3964   0.07512   0.02135         0
   111/199     3.92G   0.08198   0.03442         0    0.1164        42      1280    0.7905    0.5729    0.6783    0.3963   0.07508   0.02134         0
   112/199     3.92G   0.08192   0.03432         0    0.1162        83      1280     0.794    0.5706     0.679    0.3966   0.07506   0.02134         0
   113/199     3.92G   0.08181   0.03433         0    0.1161        56      1280    0.7876    0.5759    0.6794    0.3976   0.07506   0.02134         0
   114/199     3.92G   0.08203   0.03447         0    0.1165        49      1280    0.7818    0.5807    0.6802    0.3983   0.07504   0.02132         0
   115/199     3.92G   0.08186   0.03442         0    0.1163        70      1280    0.7807    0.5824    0.6809    0.3986   0.07502   0.02131         0
   116/199     3.92G    0.0817   0.03424         0    0.1159        67      1280    0.7994     0.573     0.681    0.3987   0.07501   0.02131         0
   117/199     3.92G    0.0817   0.03422         0    0.1159        37      1280    0.7954    0.5736    0.6811    0.3987   0.07498   0.02131         0
   118/199     3.92G    0.0817   0.03412         0    0.1158        66      1280    0.7846    0.5797    0.6816    0.3994   0.07496    0.0213         0
   119/199     3.92G   0.08175   0.03426         0     0.116        61      1280    0.7944    0.5758    0.6823    0.3994   0.07495    0.0213         0
   120/199     3.92G   0.08177   0.03458         0    0.1164        82      1280    0.7911    0.5777    0.6827    0.3994   0.07493   0.02129         0
   121/199     3.92G   0.08171   0.03441         0    0.1161        44      1280    0.7701    0.5883    0.6828    0.3995   0.07492   0.02128         0
   122/199     3.92G   0.08163   0.03431         0    0.1159        64      1280    0.7992    0.5735    0.6831       0.4   0.07491   0.02127         0
   123/199     3.92G   0.08153   0.03449         0     0.116        84      1280    0.7794     0.585    0.6831       0.4    0.0749   0.02127         0
   124/199     3.92G    0.0814    0.0342         0    0.1156        52      1280    0.7732    0.5876    0.6834    0.4001   0.07489   0.02127         0
   125/199     3.92G   0.08169   0.03436         0     0.116        44      1280    0.7743    0.5868    0.6835    0.4007    0.0749   0.02126         0
   126/199     3.92G    0.0817   0.03431         0     0.116        58      1280    0.7806    0.5835    0.6832    0.4008   0.07489   0.02126         0
   127/199     3.92G    0.0815   0.03413         0    0.1156        49      1280    0.7801    0.5848    0.6843    0.4012   0.07489   0.02126         0
   128/199     3.92G   0.08147   0.03432         0    0.1158        78      1280    0.7828    0.5834    0.6837    0.4016   0.07489   0.02125         0
   129/199     3.92G   0.08146   0.03442         0    0.1159        42      1280    0.8022    0.5732    0.6843    0.4023   0.07486   0.02125         0
   130/199     3.92G   0.08148   0.03414         0    0.1156        49      1280    0.7575    0.5982    0.6841    0.4025   0.07486   0.02124         0
   131/199     3.92G   0.08129   0.03419         0    0.1155        76      1280    0.7847    0.5827    0.6847    0.4028   0.07484   0.02124         0
   132/199     3.92G    0.0813   0.03429         0    0.1156        75      1280    0.7531    0.6025     0.685    0.4028   0.07481   0.02124         0
   133/199     3.92G    0.0813   0.03427         0    0.1156        91      1280    0.7723    0.5915    0.6852    0.4026   0.07478   0.02123         0
   134/199     3.92G   0.08112   0.03406         0    0.1152        63      1280    0.7816    0.5855    0.6861    0.4031   0.07475   0.02122         0
   135/199     3.92G   0.08124   0.03431         0    0.1155        46      1280    0.7471    0.6071    0.6866    0.4033   0.07473   0.02122         0
   136/199     3.92G   0.08153   0.03421         0    0.1157        66      1280    0.7726    0.5912    0.6865    0.4036   0.07472    0.0212         0
   137/199     3.92G   0.08123   0.03418         0    0.1154        78      1280    0.7702    0.5917    0.6861    0.4043   0.07469   0.02121         0
   138/199     3.92G   0.08137    0.0343         0    0.1157        44      1280    0.7724     0.594    0.6876     0.405   0.07467    0.0212         0
   139/199     3.92G    0.0814   0.03428         0    0.1157        71      1280    0.8131    0.5709    0.6878    0.4058   0.07465    0.0212         0
   140/199     3.92G   0.08113   0.03426         0    0.1154       108      1280    0.7991    0.5817    0.6889    0.4058   0.07463    0.0212         0
   141/199     3.92G    0.0811    0.0339         0     0.115        46      1280    0.7931    0.5851     0.689    0.4064   0.07464   0.02119         0
   142/199     3.92G    0.0813   0.03405         0    0.1153        50      1280    0.7928    0.5847    0.6876    0.4058   0.07464   0.02119         0
   143/199     3.92G   0.08089   0.03408         0     0.115        32      1280    0.7946    0.5835    0.6882    0.4061   0.07463   0.02118         0
   144/199     3.92G     0.081   0.03413         0    0.1151        81      1280    0.8004    0.5795    0.6884     0.406   0.07463   0.02117         0
   145/199     3.92G   0.08101   0.03411         0    0.1151        81      1280    0.7717    0.5949    0.6878    0.4066   0.07462   0.02117         0
   146/199     3.92G   0.08098    0.0341         0    0.1151        62      1280     0.768    0.5976    0.6879    0.4064   0.07461   0.02116         0
   147/199     3.92G   0.08068   0.03424         0    0.1149        60      1280    0.7644    0.6012    0.6884    0.4068    0.0746   0.02116         0
   148/199     3.92G   0.08099   0.03382         0    0.1148        54      1280    0.7825    0.5895    0.6878    0.4068   0.07461   0.02116         0
   149/199     3.92G   0.08103   0.03398         0     0.115        33      1280    0.7721    0.5964    0.6889    0.4064    0.0746   0.02115         0
   150/199     3.92G    0.0809   0.03416         0    0.1151        51      1280    0.7709    0.5989    0.6894    0.4067   0.07459   0.02115         0
   151/199     3.92G   0.08088   0.03389         0    0.1148        59      1280    0.7808    0.5929    0.6894    0.4072   0.07457   0.02114         0
   152/199     3.92G   0.08096   0.03406         0     0.115        61      1280    0.7878    0.5884    0.6894    0.4076   0.07457   0.02114         0
   153/199     3.92G   0.08076   0.03392         0    0.1147        75      1280    0.7828    0.5911    0.6895    0.4076   0.07456   0.02114         0
   154/199     3.92G   0.08071   0.03399         0    0.1147        85      1280      0.79    0.5885    0.6893    0.4078   0.07453   0.02114         0
   155/199     3.92G   0.08055   0.03388         0    0.1144        52      1280    0.7859    0.5919    0.6896    0.4082   0.07452   0.02115         0
   156/199     3.92G   0.08065   0.03401         0    0.1147        59      1280    0.7805    0.5939    0.6899    0.4087    0.0745   0.02115         0
   157/199     3.92G   0.08055     0.034         0    0.1145        42      1280    0.7899    0.5881    0.6902     0.409   0.07448   0.02116         0
   158/199     3.92G   0.08064   0.03389         0    0.1145        75      1280    0.7845    0.5903    0.6898    0.4094   0.07446   0.02115         0
   159/199     3.92G   0.08061   0.03381         0    0.1144        52      1280    0.7815    0.5929    0.6901    0.4093   0.07445   0.02115         0
   160/199     3.92G   0.08054   0.03393         0    0.1145        38      1280    0.7991    0.5827    0.6902    0.4088   0.07445   0.02115         0
   161/199     3.92G    0.0804   0.03406         0    0.1145        43      1280    0.8034    0.5816    0.6895    0.4088   0.07444   0.02116         0
   162/199     3.92G   0.08062   0.03369         0    0.1143        75      1280    0.7801    0.5948      0.69    0.4092   0.07443   0.02115         0
   163/199     3.92G   0.08055   0.03387         0    0.1144        44      1280    0.7899    0.5897    0.6898    0.4094   0.07442   0.02113         0
   164/199     3.92G    0.0803   0.03382         0    0.1141        58      1280    0.7758    0.5999    0.6909    0.4101   0.07441   0.02113         0
   165/199     3.92G   0.08039   0.03387         0    0.1143        50      1280    0.7875    0.5931    0.6912    0.4099   0.07438   0.02111         0
   166/199     3.92G   0.08038   0.03393         0    0.1143        52      1280    0.7959    0.5891    0.6923    0.4099   0.07437   0.02112         0
   167/199     3.92G   0.08047   0.03392         0    0.1144        88      1280    0.7767    0.5991    0.6916    0.4105   0.07435   0.02111         0
   168/199     3.92G   0.08029   0.03372         0     0.114       101      1280      0.79    0.5923    0.6926    0.4112   0.07434   0.02111         0
   169/199     3.92G   0.08039   0.03386         0    0.1142        75      1280     0.791    0.5908    0.6922    0.4114   0.07433   0.02111         0
   170/199     3.92G   0.08029   0.03369         0     0.114        51      1280    0.7846     0.595    0.6933    0.4118   0.07433   0.02111         0
   171/199     3.92G    0.0802   0.03381         0     0.114        59      1280    0.7811    0.5982    0.6939    0.4115   0.07433   0.02111         0
   172/199     3.92G   0.08036   0.03382         0    0.1142        90      1280    0.7788    0.6009    0.6935    0.4113   0.07431    0.0211         0
   173/199     3.92G   0.08045   0.03373         0    0.1142        37      1280    0.7793     0.603    0.6937    0.4116   0.07431    0.0211         0
   174/199     3.92G   0.08024   0.03381         0     0.114        60      1280    0.7814    0.5995    0.6935    0.4119   0.07429   0.02111         0
   175/199     3.92G   0.08022   0.03394         0    0.1142        37      1280    0.7826    0.5996    0.6938    0.4116   0.07428    0.0211         0
   176/199     3.92G   0.08016   0.03378         0    0.1139        46      1280    0.7825    0.6016     0.695     0.412   0.07428    0.0211         0
   177/199     3.92G   0.08034    0.0337         0     0.114        66      1280    0.7937     0.594    0.6947    0.4119   0.07428   0.02109         0
   178/199     3.92G   0.08011   0.03374         0    0.1138        36      1280    0.7919    0.5954    0.6939    0.4122   0.07427   0.02109         0
   179/199     3.92G   0.08018   0.03384         0     0.114        47      1280    0.7991    0.5913    0.6946     0.413   0.07425   0.02108         0
   180/199     3.92G    0.0801   0.03368         0    0.1138        67      1280    0.8115    0.5857    0.6953    0.4135   0.07425   0.02107         0
   181/199     3.92G   0.08014   0.03386         0     0.114        67      1280     0.796     0.594    0.6955     0.414   0.07423   0.02106         0
   182/199     3.92G   0.08013   0.03378         0    0.1139        58      1280     0.785    0.6008    0.6959    0.4142   0.07424   0.02106         0
   183/199     3.92G   0.08018    0.0336         0    0.1138        37      1280    0.7886    0.5993    0.6961     0.414   0.07423   0.02105         0
   184/199     3.92G   0.08008   0.03371         0    0.1138        61      1280    0.7753    0.6068    0.6958    0.4147   0.07423   0.02105         0
   185/199     3.92G   0.08007   0.03377         0    0.1138        52      1280    0.7958    0.5949    0.6956    0.4145   0.07423   0.02105         0
   186/199     3.92G   0.07986   0.03363         0    0.1135        72      1280    0.7925    0.5966    0.6955    0.4142   0.07424   0.02106         0
   187/199     3.92G    0.0799   0.03368         0    0.1136        59      1280    0.7788    0.6053    0.6956    0.4143   0.07422   0.02106         0
   188/199     3.92G   0.07999   0.03372         0    0.1137        63      1280    0.7781    0.6067    0.6958    0.4147   0.07421   0.02105         0
   189/199     3.92G   0.08013   0.03385         0     0.114        29      1280    0.7823     0.604     0.696    0.4148   0.07421   0.02104         0
   190/199     3.92G   0.08014   0.03381         0     0.114        57      1280    0.7849    0.6029    0.6961     0.415    0.0742   0.02104         0
   191/199     3.92G   0.08002   0.03368         0    0.1137        91      1280    0.7793    0.6042     0.696     0.415   0.07421   0.02104         0
   192/199     3.92G   0.07995   0.03366         0    0.1136        31      1280    0.7869       0.6    0.6958    0.4148   0.07419   0.02104         0
   193/199     3.92G   0.07989   0.03372         0    0.1136        38      1280     0.784    0.6016    0.6966    0.4146   0.07418   0.02105         0
   194/199     3.92G   0.07992   0.03374         0    0.1137        55      1280    0.7914    0.5986    0.6964    0.4144   0.07418   0.02104         0
   195/199     3.92G   0.07974   0.03367         0    0.1134        59      1280    0.7875    0.6027    0.6975    0.4148   0.07416   0.02103         0
   196/199     3.92G   0.07979    0.0336         0    0.1134        44      1280    0.7801    0.6063    0.6974    0.4147   0.07414   0.02103         0
   197/199     3.92G   0.07991    0.0338         0    0.1137        61      1280    0.7928    0.5991    0.6976    0.4149   0.07413   0.02104         0
   198/199     3.92G   0.07997   0.03367         0    0.1136        57      1280    0.7913       0.6    0.6983    0.4149   0.07412   0.02104         0
   199/199     3.92G   0.07996   0.03369         0    0.1137        30      1280     0.788    0.6007     0.697    0.4155   0.07411   0.02104         0
